0      20      60      100     140     180     220     260  .....    
0.20  1.000   0.944   0.865   0.847   0.760   0.701   0.686 .....
0.52  0.998   0.933   0.866   0.811   0.780   0.685   0.609 .....
0.78  0.996   0.930   0.864   0.803   0.732   0.673   0.548 .....
1.27  0.990   0.902   0.875   0.794   0.698   0.592   0.383 .....
1.47  0.987   0.921   0.867   0.766   0.665   0.549   0.316 .....
1.67  0.983   0.907   0.828   0.773   0.613   0.488   0.242 .....
1.87  0.979   0.880   0.833   0.742   0.608   0.469   0.198 .....
2.06  0.975   0.900   0.823   0.758   0.560   0.414   0.165 .....
2.27  0.970   0.857   0.846   0.730   0.512   0.376   0.129 .....
2.46  0.964   0.863   0.810   0.712   0.500   0.359   0.116 .....
2.65  0.959   0.850   0.834   0.721   0.513   0.371   0.151 .....
2.83  0.953   0.829   0.787   0.648   0.412   0.267   0.067 .....
....  .....   .....   .....   .....   .....   .....   ..... .....
